49
0.5
749
4 1
44
1 1
2 0 2
3 1 3 13
3 2 4 14
3 3 5 11
2 4 6
2 5 7
2 6 9
1 9
3 8 10 7
2 9 11
5 4 10 19 20 27
1 19
3 2 14 17
2 3 13
1 16
3 15 17 33
2 13 16
3 19 28 29
3 11 12 18
2 11 21
3 20 22 23
2 21 23
3 21 22 24
2 23 25
2 24 26
1 25
2 11 28
4 18 27 29 30
2 18 28
3 28 31 43
2 30 32
1 31
3 16 34 35
1 33
3 33 36 37
2 35 40
3 35 38 39
1 37
2 37 40
3 36 39 41
2 40 42
2 41 43
2 42 30
100 800
0
0
0
0
0
4 32 43 25 23 40 38 8 6
0
1 24 27
0
0
0
0
3 32 10 43 18 3 38
0
0
1 32 9
1 0 32
1 32 36
0
3 21 19 32 22 32 36
0
0
0
0
0
0
0
0
0
1 32 42
0
0
0
0
0
0
0
0
3 3 36 28 6 14 3
0
0
0
0
0
4 32 9 27 38 17 26 30 31
0
3 32 16 5 16 16 0
0
0
3 26 11 4 35 6 20
0
0
0
2 41 34 37 26
4 42 7 10 39 14 5 32 5
0
3 29 38 5 35 34 15
0
4 15 27 10 17 18 42 32 6
0
0
4 24 3 37 17 8 2 17 31
0
0
0
4 38 13 14 22 42 11 7 35
0
0
3 2 11 35 34 10 37
0
0
0
0
3 18 41 33 25 32 9
0
0
0
0
0
0
1 16 18
3 8 39 34 33 5 20
0
0
0
0
0
0
0
0
2 32 42 12 15
1 28 16
0
0
0
0
0
0
0
0
0
0
0
0
3 37 3 24 10 0 26
0
0
0
0
4 1 40 5 6 29 7 11 38
0
0
0
0
0
3 39 33 12 20 6 23
0
3 4 17 39 26 11 17
0
0
0
0
0
0
1 21 11
0
0
0
0
0
0
4 36 8 1 35 30 36 7 4
4 29 26 14 26 28 32 28 42
0
3 35 39 26 18 35 12
0
0
0
1 15 10
0
0
0
0
0
1 34 13
0
0
0
0
0
1 43 8
0
0
0
0
0
4 0 13 18 4 25 39 12 7
0
1 21 19
0
0
0
0
0
0
0
0
0
3 39 7 21 2 10 19
1 32 14
0
0
0
0
0
4 0 9 15 42 16 20 33 21
0
0
0
0
0
0
0
0
0
0
0
4 4 23 28 23 39 0 15 0
0
2 32 31 8 41
0
0
0
1 22 37
0
0
0
0
0
0
3 4 16 25 38 16 40
0
0
0
0
0
0
0
3 43 19 2 18 26 39
0
0
2 31 12 4 11
0
0
0
0
2 12 8 7 14
0
3 30 1 24 40 18 40
0
0
0
1 1 39
0
0
0
0
2 19 31 18 25
0
1 24 31
0
0
4 12 28 29 3 34 3 31 35
4 4 30 4 31 13 37 43 6
2 40 20 13 1
0
0
0
4 14 43 32 35 3 33 41 36
3 24 13 36 30 38 42
0
0
0
3 34 15 24 22 3 25
4 3 31 33 21 39 17 39 0
0
0
3 41 15 37 8 41 29
0
0
0
3 24 0 36 19 37 40
0
0
0
1 23 40
0
0
0
0
0
0
0
0
0
0
0
0
0
3 13 9 27 25 8 35
1 43 40
0
0
0
0
0
0
0
0
0
0
2 19 38 8 31
4 22 12 41 22 15 18 38 15
0
0
0
4 19 2 10 38 32 30 16 27
1 31 14
0
0
0
2 8 10 11 20
0
0
0
0
0
0
0
0
0
0
0
1 23 18
0
0
0
0
0
0
2 18 24 36 34
0
0
1 20 15
0
0
0
0
0
0
0
0
0
0
2 42 41 7 1
4 19 22 36 29 20 25 41 24
3 40 17 8 24 4 18
0
0
0
0
0
0
0
0
0
4 8 12 18 36 33 39 24 35
0
0
3 6 34 32 4 32 12
0
0
0
0
0
0
0
0
4 26 16 5 23 0 27 11 16
0
0
0
0
3 26 9 32 1 3 36
0
0
0
0
0
0
0
0
3 30 18 35 14 7 9
0
0
0
4 20 22 26 9 7 43 18 34
0
0
0
0
0
0
0
0
0
0
0
0
0
0
0
0
0
0
0
0
3 29 36 29 32 12 38
0
0
0
0
0
0
2 34 26 30 9
0
0
0
0
1 31 6
2 2 29 30 39
0
0
0
0
0
0
0
0
0
0
0
0
0
0
0
0
4 13 35 29 38 29 13 22 16
0
0
0
0
0
3 42 24 33 38 5 20
0
0
0
4 28 13 1 5 31 22 7 31
4 2 40 6 42 26 15 31 33
0
0
0
0
0
3 32 31 30 12 4 12
2 11 2 15 32
0
0
1 23 37
0
0
2 11 6 12 33
0
0
3 4 15 39 6 41 37
0
0
3 25 40 23 1 2 40
3 5 23 7 15 41 38
3 24 8 36 28 2 25
2 6 35 30 28
0
0
0
2 10 33 39 7
0
0
3 35 28 25 23 20 1
1 4 18
2 8 29 20 19
0
0
0
0
0
0
0
0
0
0
0
4 18 26 8 11 6 10 32 37
0
0
4 23 24 30 13 41 38 16 12
0
0
0
0
0
0
0
0
0
0
0
0
0
0
0
0
0
0
0
4 40 19 22 16 22 19 18 24
0
0
1 25 2
0
3 35 17 39 32 15 9
0
4 42 28 13 35 33 17 23 3
0
0
0
0
0
0
0
0
1 33 22
0
0
0
3 4 1 15 39 9 23
0
0
3 9 36 13 40 21 37
3 43 25 26 17 8 21
0
4 39 35 7 2 36 37 24 11
4 36 43 28 15 24 6 40 3
0
0
0
0
3 0 25 6 34 42 27
0
0
0
0
0
0
0
0
0
0
0
0
3 30 2 22 20 20 40
0
0
0
0
1 21 8
0
0
0
0
0
0
0
0
0
0
0
0
0
0
0
0
0
0
1 12 7
0
0
0
0
0
0
0
0
0
0
0
0
0
0
0
0
0
2 26 4 43 41
0
1 23 20
0
0
3 29 4 15 20 18 29
0
0
0
0
2 18 13 17 27
0
0
3 26 34 24 17 24 42
0
3 7 30 3 42 3 12
0
0
0
4 11 2 6 38 34 18 27 2
0
4 41 7 42 7 25 0 30 40
0
0
0
0
0
0
1 30 17
0
0
1 15 3
3 40 1 12 33 6 5
0
0
0
0
0
1 6 25
0
0
0
0
0
0
0
0
0
0
0
2 30 7 32 40
2 24 5 5 0
4 18 34 40 26 13 28 20 39
1 25 0
0
0
0
2 20 0 8 16
4 11 23 9 19 10 19 17 20
0
0
0
1 9 29
0
0
0
0
4 2 19 40 35 5 29 41 15
0
0
0
0
0
0
0
0
0
0
0
0
0
4 12 13 30 31 5 20 7 12
0
0
0
0
0
3 42 4 29 31 1 17
0
0
0
1 1 32
0
0
0
1 22 10
0
0
0
2 33 10 17 6
0
3 32 27 31 38 30 40
4 29 7 43 17 22 20 18 29
0
0
0
0
0
0
0
0
0
0
0
1 1 40
0
2 12 29 0 10
0
0
0
0
0
0
0
3 28 11 17 2 31 13
0
4 0 17 14 20 32 27 22 19
0
0
0
0
0
2 13 18 21 31
2 36 34 3 32
4 18 42 19 34 36 6 42 30
4 43 3 22 31 30 17 21 40
0
0
0
0
0
0
4 33 43 19 22 2 31 9 42
0
3 37 24 35 10 38 37
0
0
0
0
0
0
0
0
0
0
3 33 0 13 41 10 21
0
3 5 7 10 26 15 30
0
2 31 12 12 2
0
0
3 29 32 8 37 38 17
0
0
3 11 26 8 28 5 2
0
0
0
1 10 0
3 9 28 14 32 42 8
0
0
0
0
0
4 11 42 30 20 20 10 17 6
4 19 4 41 25 4 28 1 37
2 7 20 5 28
0
0
0
0
0
0
0
0
0
0
0
0
1 18 37
0
0
4 6 31 16 40 31 30 21 40
0
1 13 7
0
0
0
4 23 6 17 13 11 9 27 14
0
0
3 38 18 7 10 9 1
0
0
0
0
0
0
0
0
0
0
0
3 2 33 21 37 35 17
0
0
0
