3005
0.5
10000
300 4
3000
3 411 2112 2487
3 427 1446 2039
1 1957
3 224 550 1450
7 196 277 1268 2609 2716 2758 2771
6 870 1116 2076 2159 2768 2902
6 1434 1805 2140 2432 2443 2749
4 106 254 705 1357
2 915 2110
2 1688 2962
6 644 1820 2227 2508 2801 2832
2 2193 2213
3 1527 2362 2741
4 31 566 1594 1829
5 271 1321 2144 2296 2938
3 443 988 2782
3 352 789 2104
2 1345 55
3 156 828 2244
2 565 812
2 1320 2179
3 2044 2472 2696
1 2294
2 118 1813
2 657 1786
5 789 1306 1790 1893 2139
5 432 549 683 779 2652
2 2447 2503
2 878 1184
1 572
4 861 1196 2495 2848
4 13 144 267 2113
7 145 690 855 1756 2044 2333 2780
1 672
4 679 815 1817 2032
3 230 787 1725
3 347 1355 2978
4 1073 1287 1850 2363
3 478 772 1162
4 929 1941 2015 2514
3 1078 1241 2516
1 72
3 1337 1342 1632
5 1576 2038 2149 2322 2820
4 409 885 895 2498
3 1756 2561 2815
4 912 1622 1699 2521
1 921
5 1178 1480 2057 2784 2866
2 743 984
4 188 1773 2422 2824
2 2549 2939
7 344 683 940 1067 1185 1568 2179
6 2383 2521 2589 2605 2789 2840
3 463 1127 2851
2 17 77
2 1039 1571
2 1224 2179
2 546 2596
4 588 876 1610 2156
3 241 1388 2935
2 245 2495
4 1556 1657 1798 2571
3 924 1936 2049
2 1513 2781
5 394 1484 2111 2492 2831
3 871 2063 2384
2 2278 2689
3 1242 2471 2488
4 1017 2021 2237 2297
2 927 2193
2 711 1700
2 41 1214
3 567 2307 2638
4 263 1006 1481 2577
2 510 843
4 902 2004 2155 2540
2 55 107
3 904 1586 2021
1 1959
2 606 1033
3 207 1038 1266
3 229 1656 2756
3 1133 1664 2426
1 588
2 1527 2235
2 302 2471
4 483 2073 2586 2999
3 1492 1709 2306
2 991 1515
3 1272 2039 2988
3 162 759 2954
4 534 969 2415 2538
1 1771
1 405
4 312 552 762 1596
2 246 1088
2 351 1905
6 343 347 1199 1360 1993 2615
2 1910 2287
7 729 833 1517 2390 2533 2701 2799
3 1124 2328 2552
2 363 707
3 201 534 1320
1 1969
2 424 2737
4 7 278 1051 2438
2 77 2064
2 1799 2273
5 206 300 1154 1177 2907
2 2064 111
2 110 173
3 379 960 1273
2 520 2694
2 994 2451
3 1634 2530 2540
3 857 2774 2960
4 654 1194 1736 2308
6 23 515 800 1749 2495 2933
2 1648 2361
1 1413
1 1830
2 2087 2701
2 1559 1898
1 1880
1 2920
2 1063 1260
6 604 819 1124 1297 1509 2686
2 760 2130
3 1397 2274 2958
4 206 1242 2516 2605
4 1286 1930 2548 2682
1 321
1 2218
6 552 1559 1898 2109 2795 2851
4 467 1080 1551 1765
3 1169 2514 2852
3 2105 2314 2969
5 1245 1361 1904 2650 2748
4 765 1527 1732 2126
2 1465 2942
3 989 2899 2921
8 315 444 1016 1399 1481 1817 1986 2313
5 174 286 547 1203 1256
2 31 1503
5 32 680 797 1136 2532
3 1037 1193 1701
1 2968
3 904 1481 2032
4 433 1295 2700 2753
2 996 2146
5 708 1044 1680 1996 2937
3 366 1340 2418
3 1304 2311 2646
2 1210 1674
3 1632 2446 2889
2 18 1413
4 350 414 1381 1878
3 820 1392 1402
3 264 480 520
3 2092 2370 2525
3 508 1216 2844
1 91
1 1248
3 1159 2462 2554
5 534 1116 1634 1785 2622
3 361 416 623
1 1950
7 517 689 784 1215 1824 2244 2245
4 260 924 1564 2657
3 778 913 1327
2 584 2384
4 304 1977 2163 2231
2 111 178
3 143 1068 2814
4 510 1650 1787 2544
3 410 2689 2780
1 829
2 173 182
6 405 1733 1886 2563 2766 2806
2 1499 1743
1 2181
2 178 203
5 339 346 670 776 2776
3 2108 2201 2625
3 312 1076 1731
2 681 2741
2 639 1018
2 50 508
2 798 2522
2 1820 2689
4 260 320 2456 2901
6 551 609 1047 1050 1678 2263
2 734 2087
2 2143 2837
3 1081 1207 2058
2 4 327
1 515
1 262
2 684 1136
1 2166
4 103 1656 1684 1977
2 2234 2847
2 182 204
2 203 2337
2 2546 2802
8 109 130 545 765 987 1552 1989 2749
4 81 1083 1172 2564
2 2337 235
1 2267
2 1670 2699
4 333 362 365 1171
2 550 1043
3 691 1160 2288
2 1451 1632
3 355 1199 2296
3 1845 2388 2783
3 552 1350 2815
1 1951
4 834 1348 1534 1545
1 2794
4 795 1252 2295 2599
4 444 667 1692 2677
2 723 1747
5 3 497 861 1267 2461
4 244 558 770 1555
4 1331 2008 2244 2616
4 1149 1260 1471 2210
1 2269
4 82 499 1494 2784
3 35 500 2798
4 408 630 2351 2753
2 1758 1835
3 264 668 2601
2 295 918
2 208 249
3 501 1143 2595
1 2753
3 376 596 2089
4 742 1848 2087 2159
3 265 1255 2629
6 60 542 952 1826 1833 2422
5 400 737 2396 2428 2835
4 628 811 1113 1592
2 225 2013
6 61 763 1312 1350 1791 2782
4 96 1695 2524 2908
4 1156 1246 2838 2882
2 613 2597
3 1477 235 250
2 249 255
3 1076 1839 2060
4 646 988 1003 1437
4 472 1711 1801 2938
2 7 1323
2 2075 250
3 736 814 2182
2 2075 268
1 1214
2 470 682
2 169 191
6 606 809 1528 1845 1988 2987
3 198 1279 2913
5 74 338 1290 1546 1558
6 159 233 510 716 1397 2757
3 240 343 646
5 476 537 768 1005 1876
4 31 522 535 2613
2 257 297
4 280 1115 1628 2787
4 1115 1923 2118 2990
3 14 623 2502
3 2200 2535 2711
1 2194
4 765 1094 1213 2697
5 279 434 670 939 2173
2 1786 2258
4 4 711 1516 2847
7 106 381 1322 1839 2106 2259 2751
3 275 834 2794
6 269 548 1092 1149 1621 2912
4 1041 1186 1429 2100
4 868 1334 2194 2947
1 1877
5 1522 1590 1766 2288 2959
3 435 575 1881
4 143 405 1510 2685
1 1418
2 851 1636
2 1367 2254
1 780
5 510 893 1725 1937 2540
3 1379 1697 2394
1 1325
6 853 855 1641 1782 2355 2386
3 234 970 1009
2 944 2928
2 268 2238
2 1182 2425
4 971 1744 2305 2479
3 109 587 596
8 1107 1145 1482 1611 2501 2515 2609 2955
2 86 354
3 398 1523 2162
3 172 920 1446
2 1517 1562
3 1170 2223 2752
2 1095 2008
2 967 2777
2 595 684
1 1335
4 425 1155 1618 2221
2 95 185
3 1979 2720 2993
5 895 1124 2009 2085 2181
3 142 858 2320
5 955 1503 1901 2244 2534
2 589 2274
3 885 1655 2892
3 454 537 1027
1 191
3 132 769 1641
1 1948
2 760 1184
1 1518
3 855 1180 1250
2 2497 2914
3 196 1899 2974
2 2121 2840
1 918
4 1323 1402 2318 2612
3 963 2216 2246
1 786
4 211 1719 2422 2520
1 1084
3 1428 1626 2447
1 504
2 1158 2613
1 263
5 183 999 2427 2922 2963
4 1264 1824 2032 2321
2 2238 368
6 956 999 1790 1909 2094 2792
3 98 265 1981
2 52 1601
7 1776 1977 2252 2511 2640 2693 2714
4 183 800 1199 1479
4 36 98 1172 2036
2 2200 2768
4 894 1640 1823 1901
9 157 885 975 1259 1349 1601 1605 2797 2979
3 97 1853 2595
2 16 1800
5 1239 1417 1478 1636 2677
1 302
6 215 686 882 1480 2632 2893
2 982 1861
2 2200 2273
3 731 2032 2263
7 783 1774 2110 2372 2610 2922 2985
5 392 471 1532 2296 2425
5 166 728 1117 1138 2096
5 211 579 859 1637 1659
4 102 2264 2269 2817
2 1267 2875
4 211 1068 2221 2700
5 152 942 1568 1630 2231
2 972 1411
2 341 389
5 1066 1447 1818 2661 2784
5 708 1174 1218 2005 2579
1 1495
1 2839
4 846 917 936 1369
2 1240 2392
2 1509 2968
3 238 1653 2383
1 2929
1 628
4 112 420 742 1721
1 441
4 278 1773 1791 2640
3 1022 1394 1675
3 1171 2119 2956
2 682 1051
4 616 953 2286 2861
6 437 561 639 885 1633 2816
3 1187 1531 2956
2 512 1033
2 1505 368
4 1586 1747 2594 2720
6 938 1245 2347 2363 2707 2833
2 360 2748
2 1066 2510
5 65 605 1346 1594 1652
2 994 1832
2 2106 2952
2 1818 2993
4 303 737 1703 2564
1 1062
5 242 1931 2518 2643 2877
1 862
2 2228 2252
1 1960
3 959 2486 2781
6 94 179 286 1123 1233 1537
1 2851
5 1168 1385 1388 2016 2495
1 231
1 44
2 176 2417
5 0 654 675 1169 2022
1 761
5 463 1002 1454 2213 2650
5 157 1803 2029 2614 2698
2 858 1738
5 166 545 597 792 1480
2 451 1255
2 1979 1993
1 2855
4 379 778 916 1572
3 508 1463 2821
2 1002 2375
4 531 1317 1797 2997
4 105 1825 2045 2504
5 311 1360 1521 2444 2807
2 2418 2485
3 1 1149 2347
3 491 795 2541
3 1572 1599 1977
2 1505 450
3 434 805 1154
4 26 1237 1241 2376
2 149 1034
6 275 431 1593 1699 1729 2286
5 285 655 955 2203 2363
3 470 627 2345
4 386 1846 2131 2652
1 1247
3 2097 2511 2717
4 842 1025 2046 2636
4 380 1380 1840 2746
3 1358 1882 2060
3 15 1670 2675
4 142 222 994 1630
3 918 2382 2568
5 583 587 744 1569 2959
2 2029 2636
2 1315 2676
1 2063
2 430 452
4 417 562 629 1133
2 450 474
4 1926 1968 2166 2987
3 319 2277 2637
3 686 817 2084
3 462 712 892
2 1140 2990
4 699 1233 1746 1983
1 1088
3 698 964 1172
1 1791
5 456 990 2181 2568 2853
3 54 413 1843
1 1203
8 543 1079 1251 2003 2258 2669 2779 2988
5 504 1459 2361 2618 2936
4 135 478 1242 1394
3 701 1014 2001
5 710 1032 1344 1510 2403
2 259 436
4 360 653 2265 2297
2 253 2328
1 1575
2 452 488
2 783 2315
3 266 562 1672
4 1019 1238 2808 2921
2 38 467
1 2214
5 159 567 865 2376 2848
2 1349 2675
4 610 722 1616 2608
2 87 1038
1 2152
2 1539 2979
4 965 1336 1448 2733
1 489
2 474 524
6 487 806 1685 1699 2354 2984
2 1116 2401
3 428 1054 2028
1 1623
2 839 1407
4 880 1396 2556 2939
3 1859 2404 2643
5 1254 1903 2403 2590 2719
5 224 2381 2417 2483 2734
2 546 1503
7 229 893 920 1370 1827 2034 2146
4 230 1852 2724 2869
2 236 1374
4 1854 2008 2473 2964
2 1359 1450
6 336 466 1058 1681 1693 2637
4 874 1121 1129 1796
3 685 1097 1808
2 637 1554
6 161 188 421 682 840 2398
4 2139 2417 2520 2998
6 75 175 264 291 1082 2181
2 773 2137
5 388 1246 1814 1897 1916
4 957 1173 1862 2121
4 1623 1726 2886 2983
7 118 197 637 960 1575 2277 2751
2 1084 1434
4 168 536 1002 1327
1 906
4 945 1552 2322 2806
4 113 159 1687 2759
1 1526
3 267 1288 1729
3 1007 2244 2392
2 488 529
1 949
3 1196 1561 2488
5 821 1485 1944 2113 2306
3 1338 1587 1971
2 524 569
4 595 987 1029 2129
5 423 610 860 2488 2959
1 1546
4 772 807 1728 1908
8 92 103 165 543 834 1221 1440 1765
1 267
2 517 1638
4 266 319 663 1056
1 1920
2 1176 1996
9 1558 1569 1615 1746 1757 2208 2263 2399 2960
4 665 1915 1960 2644
5 241 955 1739 2004 2628
3 465 534 683
2 674 1719
6 206 416 571 1361 1968 2579
3 58 498 751
5 143 1613 1918 2234 2868
4 280 1938 2342 2481
4 26 1356 1952 2344
4 3 212 1302 2210
2 192 1849
4 95 134 217 1174
3 822 2359 2950
3 912 1399 2167
2 1496 2965
4 744 1074 2252 2772
2 1043 2934
3 225 1000 2492
1 1703
3 849 1190 1364
3 386 891 2191
2 451 476
2 2088 2158
3 1429 2299 2932
2 19 925
4 13 1580 2253 2980
3 73 480 1983
2 2556 2842
2 529 598
3 923 2655 2911
3 545 784 2550
4 29 1168 2527 2677
3 583 629 1074
3 847 1640 1712
4 285 1070 1519 2427
1 1581
3 895 1324 2262
2 1986 2626
3 362 916 1295
2 2826 2846
3 993 1341 2207
1 2514
7 446 573 771 1338 2007 2374 2928
2 171 1461
2 2739 2752
3 705 2860 2948
5 300 446 2307 2347 2399
5 59 84 1112 1747 1802
3 317 830 2704
2 948 1707
4 981 1216 1559 2673
3 1204 2276 2682
2 2688 2700
4 907 1185 2298 2561
4 309 530 945 1184
4 238 300 746 1998
2 416 2105
2 569 601
2 2557 2917
1 2413
2 598 608
3 773 1113 1936
2 1045 1737
2 127 1169
3 394 1085 1228
7 80 261 1300 1633 1954 2221 2356
4 666 1199 1653 2893
2 601 641
5 192 918 1609 2125 2614
7 482 531 901 1235 1932 2297 2396
2 1261 1762
1 710
2 248 888
2 1261 2956
3 1271 1285 2683
3 385 902 2726
2 647 1658
6 974 1555 2082 2182 2198 2692
3 875 1529 2595
1 2312
3 1073 1700 2562
4 628 1724 2437 2463
3 166 271 1481
2 2070 2220
1 2202
1 1682
1 436
3 243 378 622
3 451 573 932
3 231 1826 2773
3 634 1037 1424
1 1298
1 2179
5 631 830 1552 1980 2760
1 1964
2 648 1507
6 507 515 1215 2297 2645 2674
2 1539 2025
3 187 386 1245
1 2643
2 608 656
2 932 1989
2 757 1600
2 10 1054
1 2991
7 252 265 1333 1931 2138 2520 2529
4 617 1407 1415 1797
3 636 1526 1656
1 1846
2 667 2477
3 780 2248 2253
6 1194 1506 2534 2845 2917 2926
5 471 1051 1413 2328 2938
3 117 411 2972
3 435 2873 2925
2 641 662
2 24 1311
2 1242 1482
4 1680 1809 2343 2610
3 1069 1873 2885
3 1053 1699 1878
2 656 693
4 537 1415 1684 2085
2 2104 2879
3 541 2277 2646
2 607 1257
4 222 650 1641 2956
4 233 776 1588 2048
2 1636 2231
7 183 275 963 1419 1471 2418 2734
2 2404 2678
3 33 1612 2523
4 1366 1747 1963 2285
5 544 695 1511 2034 2505
3 411 1550 2310
3 1229 2407 2902
1 2985
3 1582 1917 2546
8 34 997 1483 1610 1870 1951 2223 2641
4 145 690 921 2521
6 186 1543 1977 2033 2671 2856
3 259 384 508
7 26 52 543 902 1187 2660 2797
3 199 309 1812
4 506 962 2344 2634
8 355 455 1050 1248 1563 1616 2355 2874
1 2531
1 2023
5 168 835 940 1484 1947
4 32 680 967 1483
3 213 1861 1892
2 1856 2791
2 662 694
2 693 715
3 674 907 1609
1 2475
2 938 2128
2 460 895
4 458 1327 2264 2537
3 749 1250 1602
1 468
5 1483 1803 2077 2460 2714
3 2270 2300 2955
3 767 901 1677
5 7 586 1168 2692 2718
2 863 1666
4 102 1517 2017 2868
5 151 370 841 1269 1655
2 1865 2058
4 469 612 1843 2593
6 71 277 1489 1622 1770 2862
4 456 725 2481 2739
2 2182 2428
3 721 768 2108
2 694 726
5 264 717 1315 1409 1705
5 716 813 1305 2177 2254
5 721 1625 1773 2525 2547
1 2612
1 885
6 714 718 1269 1298 1583 2660
1 482
3 223 2164 2491
3 1307 2452 2689
3 712 898 1635
2 715 764
1 1117
2 361 2754
1 100
3 1250 1321 2578
3 358 1934 1939
1 2044
1 1512
4 193 749 1350 1972
1 1988
1 256
3 242 398 2301
5 1384 2385 2401 2406 2439
1 2218
1 2056
4 783 2239 2301 2366
7 239 379 1073 1676 2369 2665 2725
3 49 1214 1735
3 446 556 2578
4 1403 1878 2310 2979
4 596 820 2220 2499
5 1301 1676 2109 2496 2637
2 1608 1702
4 700 734 2440 2992
3 865 1352 2188
5 546 1231 1309 1553 2998
1 2242
2 2529 2716
2 1599 1835
5 1110 1592 1750 1993 2772
4 908 955 970 1472
5 643 1094 1501 2243 2970
6 1647 1780 2161 2230 2431 2539
1 91
6 128 323 779 896 1868 2759
3 412 1750 2281
2 95 1316
5 245 1853 1869 2152 2743
2 726 777
6 139 206 274 1043 1379 2637
2 1224 1729
2 704 2347
4 266 714 2762 2858
4 321 1693 1845 2776
2 225 1875
1 583
3 38 533 2333
5 511 602 1457 1537 1809
4 1200 1252 2781 2878
2 1091 2860
2 183 668
2 764 785
7 170 420 1357 1400 1632 2126 2221
4 26 760 1247 2449
5 290 651 883 2413 2635
2 1271 2621
5 1052 1779 1814 1950 2393
4 359 475 741 1285
3 168 571 1012
2 777 803
3 332 1440 2199
4 35 1597 1751 2168
2 932 2476
4 16 25 2164 2635
3 1456 1884 1939
1 1331
3 416 1503 2332
5 1319 1538 2129 2699 2973
2 2547 2638
4 221 428 809 1568
2 2265 2435
5 145 1010 1040 1206 1495
3 189 1589 2962
1 1569
4 118 346 2185 2338
6 1264 1294 1970 2351 2440 2446
3 2257 2643 2959
2 785 2330
2 1602 1663
4 431 944 1314 2620
5 489 874 1730 2227 2310
2 533 1876
2 1238 2447
4 261 795 878 1921
1 2069
7 243 1017 1175 1363 2642 2720 2993
3 19 1413 1536
3 717 1105 2211
1 256
2 34 1671
4 1013 1352 2079 2851
2 455 1214
1 2330
2 127 1860
4 158 746 1071 2348
4 527 1706 2321 2351
3 553 2072 2341
3 1850 2419 2647
5 933 945 1134 2150 2672
5 1129 1677 2033 2151 2426
2 916 2285
1 1216
2 18 1577
2 177 1196
3 589 634 2409
3 1702 1783 2622
6 1964 2184 2397 2577 2742 2824
2 100 2624
6 219 279 534 1303 1904 1906
5 689 1369 2294 2571 2578
1 1521
1 2735
3 1154 2256 2597
2 493 1779
2 508 2832
2 708 1319
4 440 1312 1689 2825
3 75 1793 2712
3 2507 2330 856
1 2758
4 373 1061 1158 1556
1 574
1 1435
1 560
4 1293 1320 2171 2194
2 288 950
2 1518 2857
3 294 1263 2609
4 1372 1632 2492 2591
4 32 294 325 1613
2 844 869
7 116 861 1135 1177 1504 2363 2449
3 315 415 2287
3 362 2819 2934
3 531 2472 2887
4 30 224 857 1024
3 401 2344 2687
2 706 1487
2 880 2024
3 480 750 1300
1 1188
4 1254 2281 2433 2944
2 282 2110
2 856 2180
2 5 1974
3 66 1841 2730
4 992 1494 1755 2812
2 1087 1122
5 505 806 1241 2705 2744
4 619 1222 2149 2192
3 59 929 1309
1 894
5 28 809 1440 2030 2676
4 1132 1683 2114 2906
3 494 864 2784
1 2710
2 355 2658
4 780 1464 1863 2118
2 2180 887
9 44 318 350 386 720 1440 2410 2809 2987
2 1044 1686
2 884 928
3 613 1643 2753
3 1499 2720 2948
2 976 1405
4 561 930 1993 2187
4 456 1068 2143 2455
5 291 499 903 1032 1338
3 349 877 2109
5 44 314 577 698 1136
4 760 1067 1217 1618
2 2174 2512
4 725 1111 1436 1817
3 1342 1687 1826
1 2168
4 610 704 2164 2915
7 76 616 683 1703 2020 2687 2986
2 893 2047
4 78 148 1210 2397
2 2182 2505
3 518 1249 2733
2 594 695
5 756 1105 1216 1751 2503
2 1446 1697
4 1248 1669 2149 2179
1 1014
4 46 554 2183 2437
3 170 1817 1847
4 1678 1700 2178 2842
2 8 1603
8 420 579 826 1538 1543 1996 2159 2227
2 373 2945
9 234 329 445 609 1209 1367 2210 2611 2834
3 1078 2346 2606
2 304 499
4 47 680 1090 1174
6 1037 2234 2576 2786 2871 2984
2 570 1364
6 63 169 1725 1966 2043 2531
2 565 2455
4 1529 2202 2255 2341
2 70 2677
2 887 977
3 39 876 1141
5 891 1312 1998 2072 2400
5 1255 1476 1901 2542 2755
3 629 642 788
4 824 1223 1304 1739
2 2126 2903
2 1396 2069
3 373 1565 2243
5 1068 1206 1451 1488 2800
3 391 697 1032
4 275 1384 1636 2950
4 52 689 1626 2678
1 2827
2 366 2126
3 950 1260 2639
2 296 805
5 519 595 824 1951 2107
1 1757
1 1908
4 590 2289 2347 2448
5 525 1021 1450 2068 2120
2 851 943
1 2394
3 241 1322 2671
3 385 1514 2111
2 1663 2464
6 316 435 542 756 1730 2603
4 342 1976 2144 2974
4 513 1076 1169 2919
4 1145 2358 2392 2713
3 404 1770 2363
2 112 515
2 1674 2728
1 685
3 331 670 1178
2 460 2022
3 486 1189 1489
3 1278 1788 2267
3 308 690 1645
1 1708
1 92
2 295 756
2 299 2444
3 367 1556 1840
2 2663 2671
5 618 1582 1923 2511 2905
5 350 1214 1288 1840 2249
3 890 1056 1343
2 928 979
4 1421 1560 1570 2264
2 977 986
3 1932 2157 2646
3 591 1881 1987
3 356 1459 2980
3 1684 2017 2696
2 49 2578
2 2061 2156
2 979 998
4 206 530 1861 2875
6 15 252 1929 2022 2119 2773
1 141
3 462 1481 1986
5 89 1043 1555 1952 1964
5 872 2132 2232 2237 2933
1 581
4 114 395 444 1756
2 2425 2880
3 150 1128 1202
5 679 1094 1138 1298 2347
2 986 1008
3 339 342 1922
6 558 1615 1671 2149 2178 2611
3 2007 2088 2937
4 413 422 517 2803
5 252 1655 2537 2542 2725
2 1606 2764
3 266 1900 2540
3 74 1011 1152
1 523
2 998 1023
5 295 1672 2714 2799 2979
3 797 2197 2737
2 1006 1106
3 784 2783 2827
3 816 2106 2114
3 468 911 2557
2 1368 2901
3 142 2178 2240
5 69 811 1696 2098 2286
3 187 1845 2135
6 477 1585 1640 2291 2342 2605
4 1364 1630 1952 2946
3 949 2063 2822
1 382
2 1008 1030
5 861 1111 2231 2420 2961
1 440
2 1114 2134
5 319 1923 2255 2287 2498
1 2856
4 530 1998 2325 2877
2 1023 1035
5 2105 2158 2198 2252 2561
4 469 893 938 1289
4 80 388 2411 2696
3 433 1286 2730
2 1030 1042
1 2454
5 146 631 922 1208 1411
5 81 483 2139 2380 2793
1 56
3 797 1331 2717
1 281
3 1533 1035 1048
6 212 557 765 991 2650 2843
7 151 886 1045 1265 1373 1739 2653
6 603 1044 1710 2417 2566 2640
2 1571 2370
6 192 1500 1667 2031 2227 2323
2 1042 1059
6 1131 1690 1810 2007 2476 2784
6 192 686 1079 1502 1833 1875
6 106 384 653 1129 2398 2755
3 782 2470 2665
3 661 1667 1928
4 491 644 1108 2681
4 1152 1660 1983 2069
3 537 976 1845
5 1934 1941 2063 2641 2931
7 504 1134 1364 1504 1978 2322 2906
2 1048 1060
2 1059 1077
3 846 2481 2596
2 399 1500
4 126 1334 1772 2285
4 1281 1747 2555 2916
4 1490 1916 2147 2627
3 369 393 2452
3 52 896 2847
5 174 365 892 937 1140
2 660 1498
2 575 2705
5 820 1109 1221 1503 1575
2 1575 1854
3 37 621 742
3 556 573 2767
1 2135
3 185 251 957
2 1060 1102
4 40 919 1825 1957
4 465 1050 1304 2969
2 135 2737
1 195
4 510 2026 2261 2472
2 207 2930
3 334 516 1287
2 605 2929
1 2753
1 873
4 96 459 2130 2751
2 1158 2052
2 921 2364
4 775 1391 2157 2930
3 280 1897 2996
1 2317
5 274 757 997 1127 2350
4 307 2531 2550 2810
2 1174 2205
4 506 1131 1287 1551
2 1911 2940
2 1160 2301
3 1103 2777 2892
5 1245 2159 2749 2925 2936
2 1077 1118
5 1100 1796 2015 2033 2453
1 2899
5 813 908 1184 1658 2833
5 1011 1410 2001 2321 2430
1 301
3 1054 2219 2509
4 1071 1425 1994 2713
4 755 2152 2346 2963
7 898 1024 1924 1970 2232 2272 2273
3 588 1918 2020
2 243 602
2 1026 2300
4 269 270 1460 2942
5 5 165 490 1750 2246
3 361 727 1919
2 1102 1119
2 1118 1148
2 1389 1456
2 505 1647
4 873 1432 1937 2886
4 405 1466 1578 1799
5 101 127 314 1808 2611
2 1816 2239
2 1485 2523
5 54 1094 1557 1760 2125
3 996 1912 2593
6 505 825 1051 1736 2613 2850
1 2557
3 1049 1097 1497
3 879 1428 2813
2 83 451
5 824 1058 1147 1509 1727
3 857 2013 2274
4 145 199 895 1518
1 2728
4 361 997 1192 2017
2 1220 1601
3 457 1068 1735
3 929 2220 2663
1 2649
2 236 2464
2 2179 2849
4 301 958 1575 1933
2 1488 2769
1 1134
2 1119 1201
4 227 280 427 2130
2 1695 2556
1 2044
3 1006 1055 1918
1 2332
4 109 431 838 2697
1 311
5 247 1439 1488 2124 2759
6 1382 1700 1729 1758 1820 1984
4 337 846 1089 1524
3 164 2669 2985
4 213 1099 1337 2842
2 1295 2128
5 38 1901 2139 2362 2881
2 1348 1566
2 2414 2997
4 1442 1553 2498 2607
4 1564 2297 2664 2696
4 1315 1344 2126 2274
4 407 572 705 1345
5 136 411 604 957 1584
2 306 2204
3 211 383 2706
6 207 347 460 1370 2492 2714
2 513 1878
8 370 552 921 1096 1256 1327 1557 2496
4 811 1486 2483 2796
1 539
4 109 857 2197 2739
6 48 963 1633 1817 2587 2946
1 1329
1 325
2 1596 2219
3 298 1318 1374
3 1246 1283 1854
9 28 323 595 1105 1694 1763 1839 2449 2601
2 52 594
2 281 2219
5 387 683 1651 2201 2927
4 866 2021 2480 2787
3 965 1731 2595
3 560 2419 2657
1 2701
2 1138 1293
4 146 1461 2319 2573
7 117 652 1267 1669 2411 2542 2797
2 1694 2795
6 30 526 829 1443 2671 2870
4 1325 2234 2414 2936
1 2208
8 98 215 346 607 1431 2190 2773 2782
2 774 2923
2 1148 1219
3 996 1351 2492
5 143 464 1949 2253 2371
5 592 1955 2140 2289 2767
2 1524 2257
4 797 937 1489 2022
3 195 1772 2762
3 1037 1812 2620
2 918 1701
5 154 904 1373 2317 2787
3 1359 2460 2522
2 1468 2900
2 274 2455
7 72 258 743 817 975 1868 1898
3 168 637 1490
5 161 591 827 908 1321
3 896 1222 2714
3 370 1265 1554
2 1201 1226
1 1139
5 534 1071 2011 2749 2922
4 875 1217 1572 2834
2 933 2001
4 57 766 1431 1801
5 1305 1345 1589 2341 2763
2 1280 1219
1 1675
3 605 1291 2896
2 676 2447
1 2789
3 751 2088 2780
3 1567 2052 2734
4 405 458 1782 2826
1 1363
4 610 2523 2636 2675
3 1258 1466 2407
4 432 1327 2005 2671
3 477 808 1326
5 353 1342 1410 2533 2798
1 374
4 40 432 874 2249
5 68 130 467 658 2585
1 1838
2 1280 1277
4 138 391 639 1101
3 247 512 1183
4 438 779 1357 2861
5 163 686 910 1272 1456
3 906 1952 2234
4 325 700 730 2218
3 465 1734 2471
3 221 774 1555
1 1585
3 496 867 1435
5 240 417 931 2421 2639
2 143 1174
4 666 1374 2148 2196
2 1236 1546
3 350 1611 2322
5 126 227 943 1984 2619
4 611 614 1526 1933
3 2048 2346 2587
1 853
7 340 801 1518 1766 1896 2813 2905
3 1044 1218 2479
1 81
5 224 364 1194 1841 1856
3 4 1317 1340
3 708 721 2485
2 1571 1921
5 615 781 1711 2013 2014
5 90 1248 1737 2304 2340
2 112 1965
3 1653 2574 2628
4 1455 1651 2071 2649
1 1366
2 1244 1339
4 966 2461 2793 2831
2 262 2295
3 1226 1717 1244
3 1064 2409 2842
1 2939
3 1183 2492 2734
3 1702 1729 2081
2 615 783
5 131 1034 1441 1955 2799
6 37 1084 1097 2123 2359 2919
5 522 975 1430 2378 2577
3 1032 2194 2855
2 263 2431
1 1228
1 1466
3 850 1192 2464
3 801 1445 1513
4 149 579 1161 2474
1 2685
3 127 1589 2019
5 632 721 997 1544 2726
3 2215 2235 2739
5 606 865 1754 2284 2334
5 747 1690 1710 2195 2624
3 550 2265 2851
3 834 2276 2314
4 153 933 1079 2489
3 717 1225 2191
3 25 1567 1710
3 724 1824 2491
3 1860 2715 2970
5 751 876 1835 2159 2715
3 1432 2481 2500
4 657 1453 1788 2080
4 245 842 930 1327
1 1548
1 805
5 448 716 1167 1345 2752
5 762 1348 2595 2871 2900
3 423 1268 1657
2 1182 2740
8 793 841 1433 1706 2034 2275 2810 2972
9 20 103 850 1328 1728 1805 2030 2224 2658
3 14 730 1216
4 278 952 2900 2978
2 254 330
4 577 2595 2982 2996
3 293 1197 2884
3 1238 2134 2876
9 170 517 699 1174 1237 1312 2285 2391 2955
3 1320 1558 1847
5 1179 2084 2126 2703 2940
1 1362
6 226 791 1040 1341 2262 2610
1 1553
3 646 1420 2741
5 282 1063 2008 2631 2637
2 310 2834
4 486 1495 2151 2664
5 42 1160 1487 2590 2594
6 528 583 893 1763 1985 2944
2 1277 1354
4 152 1268 1519 2428
3 581 1331 1903
3 42 899 1239
4 976 1350 1641 2420
6 469 1167 1431 2020 2195 2508
4 1168 1225 1315 17
1 394
1 2063
6 219 1163 1316 1553 2009 2574
3 350 481 2654
4 217 245 734 1343
4 1202 1946 2665 2704
6 750 816 1513 1739 2034 2036
2 1591 2415
2 1339 1365
4 36 1676 2266 2542
3 549 1733 2100
5 7 778 1247 1446 1938
3 442 2262 2796
4 503 1211 2187 2722
4 98 425 1625 2341
6 138 545 1438 1539 1919 2347
4 1330 1804 2343 2386
2 811 1234
7 560 923 1020 1058 2645 2751 2953
2 1354 1371
4 673 1276 1543 1616
6 289 918 1453 1458 2060 2564
2 1015 2944
2 373 835
2 499 1172
2 1365 1386
4 854 1420 2150 2539
3 1044 1210 2190
5 501 1182 1257 1835 2117
1 2575
2 1520 2647
3 1863 2353 2715
2 1620 2835
2 292 765
2 441 1846
5 157 1457 2239 2408 2614
1 1157
4 1757 2328 2637 2729
5 738 939 2250 2740 2833
2 407 2573
2 1371 1390
3 2478 2628 2856
3 60 407 2024
2 1120 2765
2 1386 1393
4 1091 1560 1711 2461
2 158 2545
2 1390 1412
6 382 467 2162 2285 2625 2944
1 2390
2 494 935
2 129 264
4 2433 2815 2825 2938
4 142 554 1446 1831
1 778
3 2108 2376 2552
4 158 330 1594 2471
1 745
2 1843 2569
4 890 1409 1800 2852
1 2751
3 493 647 1410
1 1501
3 716 1405 1813
5 1106 1239 1407 1565 2560
2 367 1037
2 1393 1414
7 120 156 653 812 2474 2623 2828
2 1412 1427
3 647 663 1462
3 1484 2315 2610
1 353
3 287 2052 2873
6 670 1502 1962 2118 2310 2313
4 1333 1372 2436 2445
4 978 2074 2637 2880
2 1887 2669
1 2412
4 631 1497 1580 2145
3 1109 2217 2282
1 1574
2 1414 1493
2 335 1132
4 281 564 2357 2493
4 1288 1910 2244 2630
5 1199 1224 1344 2177 2861
5 1122 1310 1954 2250 2418
1 1319
3 6 516 2540
5 848 1254 2141 2520 2705
4 898 1648 1915 1942
1 252
2 1361 1516
2 1156 2384
6 534 786 878 885 2538 2951
2 1286 2587
2 1165 2887
1 1196
4 1633 1818 2693 2970
3 1294 1544 1701
6 1 304 909 1357 1399 1598
2 369 2251
3 486 1588 2080
2 1636 2657
5 3 503 949 2276 2718
5 214 937 1635 1950 2947
3 1918 2461 2683
3 1311 1367 1987
2 413 2832
4 1275 1475 2549 2634
4 790 1120 1248 2620
3 773 1381 2874
2 1367 2085
2 466 982
3 1115 2606 2859
5 584 1193 2189 2391 2537
1 1415
2 421 2483
1 883
6 140 1524 1741 1896 2612 2728
4 1123 1236 1292 2585
2 2388 2412
6 1212 1543 2275 2351 2677 2843
1 2589
1 2141
3 227 670 1580
4 756 1680 1681 2190
3 1718 1958 2632
2 1772 2326
3 1455 1614 2799
2 931 2792
1 249
3 353 1797 2949
4 346 1569 2325 2364
4 48 355 416 2074
7 74 142 148 623 990 1876 2159
4 301 658 1514 2083
3 679 690 702
5 65 689 1416 2131 2422
3 527 1126 1495
4 1175 1897 2454 2723
4 863 1337 1895 2044
3 937 1146 1156
4 711 965 1206 2807
3 1065 1215 2897
1 2488
4 88 1885 1926 2671
2 1427 1508
3 229 872 2018
6 371 797 1336 1485 1915 2506
2 555 1510
2 1131 1424
1 1069
4 180 889 2530 2702
3 1047 1062 2965
5 757 1408 2182 2624 2918
4 1050 1419 1553 1728
5 144 316 498 792 1071
2 857 1058
2 389 430
3 652 1849 2298
3 636 1549 2417
2 1493 1595
3 127 375 1134
7 286 469 1496 1790 2069 2377 2440
4 674 1545 2021 2370
3 733 2356 2709
5 64 1294 1352 2414 2951
2 953 1482
2 89 2133
2 277 1438
3 100 305 707
5 324 852 1136 1264 2026
4 575 1340 1948 2102
2 1376 2533
3 425 836 2575
2 284 2430
2 303 2266
6 1158 1205 1465 1639 1832 2796
1 2754
4 521 648 1261 2752
3 12 85 139
1 261
3 619 926 1930
1 1732
3 387 1682 2071
2 360 1901
1 1042
2 219 2514
1 2253
2 812 2647
3 405 773 1784
5 793 916 2143 2880 2934
5 485 638 1361 1804 1839
1 1758
1 2334
2 1750 2734
8 681 916 1366 1468 1578 1653 2360 2832
2 1298 1445
3 219 1511 1990
6 263 532 1258 1601 1803 1915
3 1714 2611 2705
2 1313 2976
3 1507 2189 2641
1 675
4 135 1097 2720 2872
3 206 519 634
8 751 1165 1332 1348 1502 1576 2240 2862
3 507 1218 2154
5 225 618 991 1252 1792
5 62 846 972 2148 2678
4 1127 1174 2347 2988
7 263 540 1328 1744 2573 2734 2998
6 123 134 591 2350 2905 2917
3 978 1391 2243
1 526
2 305 2616
2 686 1771
4 169 1166 2467 2794
3 936 1410 1821
4 1163 1758 2155 2174
2 1232 1306
4 52 366 795 2959
7 446 540 799 1479 1779 2043 2598
2 978 2505
5 56 1046 1270 2182 2621
3 420 429 1222
4 1626 1851 1881 2798
5 1426 1693 2394 2549 2604
8 473 515 1071 1072 1145 2242 2651 2995
3 43 1553 2236
2 828 1604
3 1123 1543 2639
2 2451 2700
3 566 1424 1471
4 576 1686 1838 2413
4 678 974 2119 2592
1 721
2 1169 1971
2 1019 1253
5 78 390 2160 2310 2942
1 528
4 668 1448 2257 2818
3 798 1225 1297
5 284 2049 2196 2353 2681
3 1353 2200 2407
3 243 755 2476
1 434
5 13 394 1402 2334 2372
2 1508 1617
3 95 1181 2324
2 787 2968
1 1446
5 429 754 2639 2743 2989
1 643
4 344 350 1139 1546
3 700 804 1853
3 915 1824 2108
3 1577 1986 2169
1 350
1 1004
1 2773
5 748 2073 2445 2692 2862
4 609 695 2714 2869
3 59 679 1660
4 301 1259 2422 2511
4 672 1781 1999 2058
3 547 855 2702
1 1475
4 540 1000 2281 2928
3 482 686 1366
2 1595 1631
3 311 896 2396
1 2805
2 1378 1825
2 280 1643
3 46 711 2244
5 492 514 1825 2295 2350
1 2449
3 718 1360 1944
4 335 940 1573 2231
2 2699 2843
3 269 2103 2516
4 1665 1859 2015 2742
4 366 444 1020 2398
2 1617 1642
6 42 155 214 778 854 2978
4 386 606 1178 1444
4 115 165 2216 2831
2 725 1451
5 288 353 669 939 1449
2 362 2868
1 536
1 1524
3 349 574 1019
5 294 321 667 1343 2395
2 1631 1644
3 888 1621 2382
2 1642 1646
1 967
2 1644 1649
6 758 1121 1939 1986 2569 2766
2 119 1436
2 1646 1654
1 175
2 1187 1275
3 394 1704 2798
6 376 607 1274 1543 1793 2727
2 1649 1662
4 318 708 1003 1997
6 82 201 648 1911 2162 2271
4 62 1317 1799 2671
7 617 1105 1697 1765 1906 2247 2292
2 362 2544
3 1055 1610 2595
1 1883
2 1654 1698
3 804 954 2903
2 83 1690
3 1629 1839 2529
3 706 1712 2946
5 1047 1053 2060 2331 2438
5 2015 2063 2454 2597 2707
4 910 1194 2021 2381
3 210 443 2961
3 815 1000 2946
2 476 1009
2 2054 2687
2 154 961
4 382 1227 2076 2784
4 742 747 1355 2034
4 704 825 1824 2614
2 192 914
1 1901
5 151 659 1472 2479 2721
5 504 1472 1810 1831 2912
4 626 1531 1995 2965
2 879 2962
5 201 663 983 1915 2703
2 489 2759
4 886 1581 2440 2962
5 520 899 2488 2554 2601
1 9
2 842 1981
5 1049 1301 1664 2232 2465
1 2706
1 222
7 504 769 1574 1800 2125 2414 2627
4 1184 1195 2518 2725
3 246 1150 2415
1 1017
3 292 909 1658
2 1662 1722
4 46 434 489 661
6 71 621 914 1157 2096 2229
4 146 1209 1445 2908
4 748 831 1284 2586
6 398 559 902 2273 2458 2640
2 1652 2251
3 716 2619 2645
5 821 1319 2156 2320 2438
2 590 2909
2 968 1712
2 88 2764
3 1045 1301 1306
4 253 1271 1391 1815
4 574 1666 1708 2876
2 1727 1786
2 1547 2628
3 2049 2570 2760
1 1729
1 1280
4 1473 1818 2138 2297
5 333 544 1726 1728 2538
1 1960
2 379 2543
2 1698 1753
2 1744 2747
2 622 2419
7 35 291 924 2107 2326 2562 2993
3 514 1719 1860
3 1134 1713 2015
5 533 1320 1502 1719 2984
8 434 522 766 1157 1284 1716 2351 2492
5 806 955 2339 2430 2498
2 185 1189
2 139 1530
2 179 1356
2 1251 2676
2 743 1140
3 117 1129 2846
3 603 1272 1861
2 415 2139
4 542 933 1044 1352
1 1983
2 1465 2210
4 2006 2461 2621 2898
2 180 2551
5 299 1558 1723 2068 2915
3 1848 2253 2637
3 458 540 1812
8 223 390 588 673 1064 1807 2938 2991
1 2729
2 118 1965
4 755 761 1116 1542
4 787 908 2103 2626
1 1966
2 1722 1768
2 1300 2091
2 872 2870
3 32 45 994
3 540 946 1383
5 232 1157 1540 1566 1889
2 2515 2978
2 1127 2346
1 2932
4 611 1880 1947 2003
4 1184 1338 1904 2432
2 1867 2165
4 135 534 1658 1828
3 284 1264 2095
4 1904 2701 2738 2871
2 1753 1769
2 1768 1894
3 711 959 2907
2 93 1563
3 1063 1207 1474
4 50 381 718 2244
2 359 1941
2 1894 1789
1 345
1 2141
2 2074 2901
3 782 839 1569
2 758 2897
1 1612
3 294 1233 2981
1 831
2 1537 2969
1 165
4 24 276 1713 2946
3 175 1878 2887
2 966 1311
2 1775 1795
5 25 342 1510 1888 2679
3 245 381 461
5 1555 1900 2007 2134 2966
5 843 1653 2667 2696 2702
1 2451
2 1789 1806
2 505 1103
5 423 647 1478 2614 2653
3 62 1858 1965
3 108 1123 1657
4 352 1405 1693 2291
5 253 1224 2068 2658 2707
3 588 2585 2613
3 414 702 1546
4 1362 1539 2039 2388
4 6 1320 2155 2895
2 1795 1811
2 1747 2320
5 506 1124 1948 2632 2855
3 659 773 1872
3 1049 1681 2941
2 1806 1819
3 684 1208 1746
4 23 1409 2722 2791
3 512 782 1897
2 1711 2068
4 1125 1904 2407 2917
5 34 142 898 913 1178
4 369 397 1444 1718
2 1811 1834
5 10 190 1157 2687 2689
1 1565
1 2204
1 349
5 168 340 1307 1603 1677
5 424 1078 1620 1623 2467
4 241 630 899 2298
4 499 2439 2831 2943
2 1765 1990
1 13
3 121 2658 2813
3 1399 1681 2901
5 395 1524 2191 2364 2663
3 241 1050 2227
2 1819 1855
5 232 754 1309 1374 2224
4 1989 2514 2847 2989
1 2446
4 1243 1581 2421 2938
5 251 278 1184 1539 1665
3 441 972 975
2 871 1267
1 2370
4 463 710 1404 2091
2 2428 2958
5 216 261 769 1018 1056
6 437 649 1380 2370 2717 2980
4 913 1328 1874 2938
5 239 1745 1879 2029 2222
3 551 1506 2770
3 37 823 2151
2 1573 2543
1 500
5 351 763 1602 2363 2965
4 502 1072 1183 2860
2 1834 1953
2 692 1267
1 2121
5 1798 2183 2207 2494 2764
3 495 1629 2972
4 819 1308 1726 2378
5 356 691 987 1737 2827
2 513 1911
3 883 1377 2322
1 2223
2 709 2748
2 2113 2340
2 1764 2780
6 760 1214 2002 2027 2045 2859
2 763 2126
3 679 2555 2742
3 2292 2676 2714
1 1809
1 660
1 1847
3 770 1050 2262
4 266 807 1481 2107
5 283 2085 2709 2809 2938
5 157 661 745 1173 1787
1 1848
4 124 1762 2102 2551
3 285 981 1573
1 442
2 1661 2310
3 790 2332 2770
1 1492
2 179 2590
1 1422
1 1790
5 1758 2122 2124 2144 2785
1 1905
1 2471
2 691 2373
1 25
2 1775 1769
1 1487
5 1264 1465 1969 2829 2992
4 512 1092 1486 1814
3 123 134 1214
2 327 2765
4 1005 1792 2057 2372
6 316 349 931 1162 1532 1679
3 2791 2910 2956
4 496 1341 2129 2848
5 138 834 1763 1767 1816
2 97 1890
5 834 1658 2487 2613 2909
1 2635
6 533 947 2018 2148 2365 2446
1 342
2 99 1430
3 1098 1656 1862
1 1128
1 2019
2 2043 2342
5 541 1436 1495 1546 1684
2 512 1065
2 678 2098
5 547 1112 1152 1452 2137
4 1117 1361 2290 2466
5 538 2042 2139 2394 2430
3 809 1270 2247
1 999
3 270 974 1027
5 1111 2052 2091 2204 2303
1 2457
2 453 1492
3 2284 2780 2968
2 1053 2692
1 988
2 131 1529
2 400 646
3 610 980 2397
3 1145 1261 2644
3 731 1057 2956
3 2058 2726 2968
3 63 602 2815
3 291 1122 2857
3 548 1357 2541
7 731 790 1647 2198 2244 2434 2808
1 2577
4 39 1057 1774 2551
3 1436 2541 2567
1 2875
2 527 1625
1 1994
4 1351 2281 2431 2748
3 689 1762 2429
6 322 1519 1808 2308 2472 2666
3 1203 2195 2790
3 167 782 1451
3 218 679 945
5 549 991 1020 1249 2242
2 1855 1956
3 606 1432 2592
4 1204 1286 2759 2927
2 1953 1973
4 2 1078 1963 2946
1 1473
2 79 2431
3 403 541 1720
1 2070
2 1419 2747
4 673 1957 2015 2200
3 635 832 991
4 1273 1749 1798 2795
3 924 1752 2652
1 2686
3 453 545 2437
2 104 1896
3 801 1111 2998
4 528 1584 2158 2453
3 734 2091 2289
2 1956 1982
1 870
2 2015 2281
3 956 2500 2864
6 172 201 345 429 681 2977
1 1058
6 313 418 2053 2772 2833 2938
1 634
3 343 1689 2142
2 1973 1992
4 458 567 1055 1740
2 1157 1260
2 1338 2924
6 142 578 990 1604 1647 2306
5 981 1453 2528 2695 2831
5 261 735 2477 2604 2850
3 206 642 1836
2 1545 1828
3 2135 2194 2464
2 1982 2012
8 98 418 755 891 2073 2198 2445 2979
3 1109 1945 2157
2 1682 2448
5 151 539 916 2175 2235
2 1655 2929
5 596 930 1029 2025 2047
1 1612
1 2416
4 468 1106 1223 2737
1 1868
3 465 1762 2613
3 76 542 2672
3 370 1237 2245
2 1742 2021
5 583 1001 1049 1792 2839
7 226 307 502 1334 2403 2580 2728
2 314 1348
1 2065
1 1221
2 1992 2041
3 244 1135 1271
3 1271 2322 2704
9 39 1103 1629 1668 1727 1963 1975 2353 2417
4 407 2160 2286 2957
3 707 983 1138
4 1494 1908 2658 2909
3 1297 1913 2732
3 902 1112 1344
7 69 78 1188 1511 1669 2006 2688
7 411 964 988 1206 2250 2400 2864
2 688 2765
3 864 1388 2340
4 638 1998 2312 2989
4 1082 1518 2123 2246
2 1868 2420
2 491 2485
4 414 447 1848 2508
3 878 1320 2166
2 1047 2697
6 34 148 340 358 2203 2455
4 681 825 1103 2182
6 499 674 1319 1352 1676 2505
2 2364 2664
4 347 1352 2272 2629
1 2939
2 43 2995
4 1 90 1804 2786
2 2312 2971
2 2012 2051
1 1920
4 924 1569 1914 2858
6 21 32 732 1151 1487 2158
2 424 1868
2 440 2644
2 903 1998
3 668 1262 2815
4 63 1590 1715 2929
1 2520
2 2041 2059
6 1089 1232 1418 1924 2266 2331
1 1979
3 1673 2718 2743
1 2277
2 740 2057
3 48 1900 2056
6 195 709 1612 1935 2150 2637
2 2051 2078
4 251 442 1367 1667
1 985
1 2918
9 66 449 1021 1057 1347 1668 2110 2467 2483
2 110 107
3 2010 2529 2983
1 2447
1 2088
5 949 1744 1801 1815 2352
4 810 935 1055 1510
4 624 1961 2221 2291
4 1275 1531 2857 2903
3 822 930 2285
3 87 1608 1993
4 1421 1480 1778 2508
2 255 257
2 5 1675
1 702
2 2059 2086
2 816 2154
5 1311 1448 2672 2708 2746
3 1284 2410 2954
3 618 2338 2603
1 1482
3 455 1329 2867
4 314 663 1458 1877
2 2078 2093
3 122 193 239
4 563 1001 1231 2067
2 238 2645
1 2503
5 1754 1843 1924 1972 2974
1 160
2 2086 2101
2 342 2747
1 1766
4 361 1700 2582 2838
2 439 2108
3 1017 1917 2621
1 2693
3 281 1356 2614
2 2093 2136
3 1519 1880 2261
2 1628 1751
3 16 664 2742
4 137 597 1031 2629
4 278 396 1013 2865
5 945 1725 1876 2317 2525
6 184 714 1401 1603 2097 2198
4 134 747 894 2866
5 8 359 868 2063 2958
2 65 953
1 0
4 31 527 1866 2967
2 879 1013
1 2733
1 2527
1 1374
5 270 883 1419 2299 2576
3 383 988 1582
2 949 2256
3 328 513 1857
1 1889
2 1287 2026
3 1156 1889 2721
5 609 1127 1693 2368 2705
7 139 778 934 942 1167 1329 1869
1 2586
2 697 1161
5 530 793 1903 2583 2942
3 128 1088 1149
2 437 1484
2 992 2582
1 1515
3 1026 1326 1792
4 1018 1075 1991 2365
2 2101 2172
3 511 1918 2774
2 646 1718
7 25 509 1038 1162 1738 1920 2888
3 6 1204 2948
4 1435 1470 1777 2178
2 1981 2867
5 194 892 1538 2164 2786
4 14 956 1889 2411
1 1424
2 150 499
2 1065 2599
3 1257 1556 1908
6 43 875 910 1000 2245 2410
4 824 1372 2058 2834
3 825 1336 1850
3 484 763 1110
1 2769
2 1554 2079
4 76 1566 1805 2910
3 59 985 1706
5 980 1091 1994 2446 2734
4 563 1031 1971 2044
6 5 239 916 1101 1309 1481
3 1586 2016 2857
2 758 2362
3 303 1394 1656
1 172
6 723 789 901 2143 2965 2975
1 1764
5 200 453 2030 2313 2663
2 554 2653
2 787 900
1 1604
1 2958
1 850
2 2136 2209
2 275 2228
4 897 1566 2340 2570
1 1996
1 2895
3 717 1431 2532
4 914 1000 1016 2141
7 20 52 57 633 910 1144 2577
2 884 869
5 181 314 462 510 2684
8 256 618 713 905 1501 1571 2033 2442
2 912 1858
3 832 2582 2729
2 800 2304
3 2459 2532 2542
4 891 1359 2389 2730
4 750 2445 2568 2596
2 1461 1549
3 1199 1373 1472
4 561 1305 1832 2510
4 875 2329 2378 2720
5 11 70 2205 2862 2966
5 273 282 850 1289 1991
3 1301 1344 1949
2 1257 1590
2 1010 1177
5 618 1031 1939 1993 2108
1 786
8 272 348 357 1591 1963 2296 2531 2580
2 184 1187
2 625 926
2 435 2032
4 1170 1822 1924 2747
3 1096 2193 2659
1 2475
2 581 1858
3 540 1198 2413
2 2172 2212
6 227 550 918 1741 2581 2582
1 813
2 2209 2233
2 11 413
3 479 2515 2664
1 1299
3 331 1634 2730
3 1425 2402 2696
3 133 739 1250
5 1108 1181 1186 2650 2806
3 624 746 1141
5 311 365 606 778 2070
2 1848 2708
4 306 679 1864 2999
2 1320 1835
2 2299 2573
1 2966
5 10 806 916 1047 1833
3 402 2173 2335
3 1700 2651 2734
1 758
6 172 366 669 1024 1626 2581
4 992 1111 1690 2540
2 2212 2241
5 202 547 922 1197 1249
4 85 1299 1996 2826
1 1576
2 69 992
2 341 297
3 741 1125 1381
2 1016 1553
2 2233 2260
5 752 1575 1952 2885 2906
5 757 936 1560 2306 2413
10 18 168 226 316 523 1430 1622 1773 1939 2857
3 168 2005 2149
3 331 1116 2026
3 1658 1921 2276
2 651 2418
4 975 1241 2585 2978
3 1384 1432 2022
2 1447 1704
4 345 402 556 1031
5 566 651 1203 1535 1745
3 289 717 2479
3 926 1027 2534
2 838 2120
3 802 1205 1588
4 276 465 2300 2439
2 278 2439
2 2241 2283
2 1082 2102
4 577 1331 1358 1875
4 192 358 540 2611
3 363 699 978
3 471 796 1302
3 1355 1523 2052
3 209 966 2657
2 2795 2903
4 228 363 2449 2643
2 703 2370
2 1656 2661
4 1111 2036 2541 2885
6 108 357 1111 1703 2534 2972
6 129 317 1135 1167 2309 2630
2 1319 1468
4 592 1303 1450 2247
4 454 515 665 2055
2 67 2955
1 2512
1 2685
6 761 867 1615 1946 1975 2877
3 1425 2685 2693
2 2260 2293
2 1300 1927
7 673 826 1063 1327 1394 2072 2731
5 385 434 1017 2016 2632
4 99 858 1027 2710
3 213 284 2494
3 948 1204 1972
2 1919 2520
4 1019 1800 2070 2453
5 1658 1871 2643 2679 2798
2 2283 2336
3 22 835 2535
3 221 1279 1623
4 14 215 360 2200
7 69 471 610 637 1166 1718 2744
5 594 1506 1826 2309 2700
3 564 2118 2225
4 703 1114 2258 2669
3 737 741 1099
1 2448
2 1924 2539
4 1272 2185 2745 2847
1 299
5 88 527 1986 2243 2589
5 73 587 2605 2713 2897
2 117 1948
4 2274 2298 2538 2709
7 675 745 806 1419 1586 1883 2678
2 153 2568
4 620 2025 2040 2318
4 142 1419 2166 2879
3 137 1303 2526
4 475 1416 2770 2869
1 2762
3 1093 1210 2107
3 330 2312 2469
2 1193 2598
4 315 1706 1807 2607
3 340 821 1106
7 43 519 1058 1259 1863 2014 2854
1 1047
2 1596 2792
2 1029 1479
2 1474 1725
1 2709
4 101 472 653 1383
1 2192
3 818 803 844
2 1667 2052
4 792 1153 1884 2813
2 32 772
5 1300 1541 1594 2347 2891
1 2228
2 2293 2349
2 208 204
3 800 2082 2570
1 1730
5 1272 1866 2024 2174 2786
5 822 926 1225 1360 2418
4 548 1019 1914 2374
2 659 1362
3 549 685 862
1 436
4 919 1110 1262 1760
10 391 427 587 767 948 997 1361 1557 2334 2526
1 820
2 2336 2367
3 1094 1559 1623
6 231 801 821 1468 1729 2424
1 2068
3 1377 1590 2015
2 489 2717
2 294 686
2 606 1512
1 1429
3 958 2461 2667
3 553 1287 2794
1 1543
3 119 466 2531
3 12 1162 2161
6 37 391 435 857 959 1853
6 1090 1479 1832 2035 2463 2473
3 1908 2135 2434
2 741 2671
2 2349 2379
1 2125
1 742
6 160 1046 1511 1842 1846 2270
2 1203 2963
3 359 1594 1900
1 1892
2 583 2342
1 422
4 432 480 1401 2707
2 1510 2877
3 1288 1860 2192
2 2367 2883
2 1038 2809
4 497 1669 2600 2882
3 445 1643 2938
3 53 376 2833
3 66 171 1439
1 738
2 294 1362
1 2420
4 216 1467 1804 2719
1 2187
3 100 1395 2993
2 1327 1461
4 374 523 958 2638
1 782
4 292 951 1574 1920
2 1641 2479
3 242 610 1618
4 832 904 1932 2690
3 508 1051 1630
3 540 587 2531
2 930 2022
4 490 738 2734 2894
1 2217
4 469 496 2008 2763
2 495 671
2 2883 2441
1 738
6 676 1236 1591 1816 2646 2980
1 1381
2 830 1281
3 885 2081 2149
3 1033 1194 2144
3 1423 1467 2907
6 600 780 1581 2208 2243 2671
4 1164 1197 1513 1693
6 92 1353 1695 2540 2588 2722
2 2000 2802
6 410 497 509 1045 1507 2015
6 152 426 670 1432 2248 2341
3 823 1190 1724
4 1024 1343 2027 2387
2 1255 1838
5 50 241 333 1484 1611
2 2547 2656
3 2351 2501 2544
3 298 360 995
2 83 825
2 339 575
4 242 713 1340 1844
1 1947
4 1106 1522 1730 1920
5 758 1290 1946 1959 2687
3 6 1763 2823
2 867 1398
3 1939 2365 2550
1 796
1 1420
3 622 912 1968
3 106 1667 1706
4 738 1827 2258 2259
5 749 801 1510 1686 2849
2 2405 2484
2 2182 2463
2 6 2562
2 425 971
4 1420 1608 1993 2188
5 155 801 1837 1908 2157
5 27 335 808 1229 2066
4 948 1995 2302 2545
5 779 857 1184 1624 2269
1 2705
3 114 1579 1794
3 724 1066 2535
3 1103 1971 2291
4 1036 1486 1668 2536
4 892 925 1213 2032
1 191
2 1925 2644
2 1703 2838
4 2186 2687 2733 2734
3 702 1211 2840
7 224 1278 1391 1452 1742 2358 2655
1 164
5 622 2364 2442 2638 2708
4 954 1143 1293 1991
1 1690
1 1919
3 1564 1825 2063
1 2709
2 2318 2940
2 1052 2537
6 68 86 1251 1402 1891 2723
5 21 860 1082 1948 2997
3 502 2364 2759
4 1295 1413 2557 2868
4 696 2206 2662 2792
4 788 1049 1592 2489
2 650 1988
2 1387 2592
5 299 1265 1680 2254 2395
2 1188 2638
4 548 712 1061 1310
1 2708
4 497 1175 1463 2063
2 2441 2490
3 426 1269 2028
1 404
5 0 1906 2735 2796 2936
5 68 526 531 1491 1687
3 1304 2476 2614
2 2484 2517
2 723 1307
9 65 558 854 1172 1202 1283 1729 2849 2908
1 1429
4 1858 2288 2564 2760
5 30 61 118 407 2542
2 747 1174
2 326 2931
4 44 1027 1165 1730
1 746
2 1310 1976
3 301 2424 2962
1 271
3 27 908 2090
2 424 2805
4 674 905 1570 2034
1 1495
1 844
4 10 1344 2029 2074
2 1108 2746
2 393 2191
4 345 439 974 1611
2 897 2279
1 2892
5 39 136 582 1534 1836
4 301 1759 2214 2862
4 40 130 1628 2649
2 2490 2519
2 400 1694
2 2517 2553
6 333 509 646 1435 2050 2290
4 46 53 680 2569
3 189 1211 2942
3 672 1126 1235
2 246 2682
3 160 718 2107
3 2314 2347 2729
3 572 2116 2767
1 1987
4 646 753 1665 2065
3 115 1499 2797
7 687 924 1095 2200 2361 2399 2590
3 145 2177 2186
4 100 1239 1520 2808
4 316 652 2255 2273
3 272 2294 2452
1 2454
5 699 1003 1461 2470 2740
5 92 1440 1719 2309 2859
4 758 1372 2303 2807
7 76 115 291 1005 1434 2232 2415
4 428 1938 1942 2272
6 931 1003 1194 1355 2186 2495
2 1721 1851
4 175 1659 2424 2577
2 1392 2448
2 205 678
3 718 794 2423
1 131
3 51 1455 1574
6 571 1095 2434 2657 2762 2890
5 1743 1880 1941 2562 2725
2 101 1401
2 2519 2558
2 164 1687
2 1064 1870
4 494 568 1150 2793
4 599 1014 1130 2474
2 2553 2559
2 2558 2572
1 1410
3 45 594 1031
5 621 1725 2443 2551 2908
1 179
4 207 398 1367 2494
2 2764 2843
2 1045 2808
1 1942
4 445 462 2188 2311
3 1404 1647 2521
4 1715 2174 2338 2795
2 62 835
2 2559 2602
4 1193 1385 1558 2225
3 1274 1348 2759
3 1375 1521 2781
2 922 2118
7 74 832 1288 1940 2179 2544 2967
5 730 744 835 984 2638
2 370 545
3 2008 2200 2930
2 2210 2231
4 2096 2132 2184 2210
2 2129 2632
1 2732
4 1242 1466 1802 2249
3 87 1702 2127
4 1178 1262 1441 2713
2 2415 2637
3 53 1469 2306
4 496 1337 1886 2531
1 854
5 1582 1954 2478 2600 2671
2 710 1128
4 390 1337 2680 2807
7 236 351 619 1189 1316 1324 1660
3 58 1061 2188
3 248 838 1668
4 1569 2319 2665 2732
2 221 2147
2 2381 2592
3 233 1184 1687
2 2572 2617
2 955 2082
4 1574 1988 2930 2955
5 53 130 1019 2307 2795
2 919 1460
2 1165 2320
1 482
5 4 301 853 2833 2960
4 359 659 1331 1416
5 918 1000 1124 1547 2263
3 330 719 1465
6 267 337 1129 1802 1906 2003
7 414 609 1381 1677 1797 2100 2489
1 98
3 226 1562 2726
2 2602 2648
1 466
3 1260 1705 2717
5 805 1208 1456 2849 2909
4 781 1571 1742 2098
2 165 831
2 1413 2955
3 833 1301 1501
3 184 1394 2820
2 578 1751
2 1065 1693
4 542 1274 1387 1714
3 240 2036 2105
2 1430 2274
2 1334 2851
5 355 1473 1808 2286 2583
2 2835 2868
2 685 1455
4 780 789 1907 2976
3 440 447 1235
10 454 504 747 765 1334 1383 1421 1745 2058 2588
6 73 794 2392 2463 2480 2578
4 943 1255 1578 1599
5 345 381 1045 1703 2886
4 679 1057 1549 2718
3 811 2659 2738
6 400 495 640 802 2269 2292
4 541 1933 2046 2457
4 637 1364 1705 2089
4 153 665 980 2407
3 823 1376 1536
2 2617 2668
3 1142 1275 2516
4 138 413 1043 2219
2 1575 2229
4 26 437 1966 2811
3 1044 1797 2167
1 1349
2 570 2461
1 2423
5 169 1190 1449 2267 2550
5 882 1320 1801 1830 2018
3 2205 2642 2788
2 683 721
2 369 2271
1 2475
6 973 1141 1832 2166 2717 2834
4 1166 1336 2035 2214
4 742 1052 1351 2598
1 1948
2 1793 2358
2 2648 2670
4 465 1159 1422 2300
2 2668 2691
10 681 952 973 1196 1237 1492 1657 2366 2413 2592
3 824 2004 2080
1 591
2 637 2685
4 443 481 1235 2778
5 448 878 1734 1871 2820
5 222 353 572 927 1468
4 671 940 1556 2310
2 1790 2292
1 2594
3 1054 1590 2976
4 131 592 2524 2820
2 615 1452
1 2181
6 286 1296 2280 2282 2674 2739
2 127 1967
6 862 902 1673 1820 2431 2459
2 593 2021
5 67 176 190 724 1820
1 2397
2 2670 2736
6 618 705 1608 1928 2827 2853
4 345 1444 2099 2282
2 113 2838
1 1987
6 21 983 1033 1166 1793 2217
3 274 1154 2031
1 414
3 210 793 1627
5 149 365 593 1579 2298
4 100 122 1191 1767
4 1499 1613 1793 2950
2 1329 1684
4 589 1351 2014 2899
6 874 1070 1435 1547 2125 2450
2 1171 1691
4 391 1668 1801 2376
4 2080 2222 2463 2482
5 1512 1877 2309 2327 2468
2 881 2287
1 272
1 843
4 958 1109 2307 2587
7 345 702 1009 1172 1217 1609 1871
4 1308 1309 1377 2822
2 4 753
6 439 1040 1846 2354 2619 2663
4 705 1450 2054 2641
2 496 2388
6 313 390 811 889 1551 2192
2 1680 2124
3 1359 1813 2415
3 1486 2471 2795
1 500
4 742 1003 1694 2551
4 616 1298 1935 2616
1 1653
5 961 1137 1465 2008 2788
4 1383 1748 2184 2526
4 871 1034 2187 2216
1 2285
3 2019 2584 2598
4 486 906 2115 2459
10 497 670 1232 1283 1542 1558 2157 2229 2401 2459
2 837 2487
2 2691 2750
4 105 1010 1080 2001
2 1767 2642
6 585 712 1177 1299 2685 2776
3 1318 1384 2537
3 12 186 1333
4 832 1629 1870 2104
3 763 1599 2054
3 874 2297 2893
1 2304
3 441 2080 2509
4 1723 1962 2094 2204
4 138 392 1865 1946
4 6 206 1101 1221
2 2736 2761
5 278 515 1088 1364 1406
5 306 585 1315 1526 2830
5 149 231 237 888 1086
3 728 1525 2864
3 931 1051 2844
1 82
1 264
2 4 845
7 520 760 1156 1685 1955 2473 2574
3 634 1715 2494
2 2750 2775
4 768 1207 2316 2550
2 1225 2403
4 1004 1709 1858 2565
3 1389 1899 2023
2 179 1647
3 1074 1204 2527
3 5 348 2970
2 1146 2153
3 1849 1884 2315
1 4
3 556 755 1979
5 630 988 1199 1607 2959
2 116 2137
2 2761 2804
4 183 769 2739 2852
2 308 1100
1 2675
2 465 2932
5 32 176 1231 1867 1927
6 64 404 774 2575 2815 2906
3 15 245 1199
2 216 1012
6 48 229 369 880 1049 1675
2 1889 2992
4 922 2039 2143 2340
3 269 1188 1210
2 2659 2728
2 53 1230
1 1949
3 692 1813 1902
4 342 1476 2324 2475
3 1038 1278 2556
4 220 279 1564 2359
7 134 1195 1965 2268 2570 2605 2723
4 1175 1358 1524 2487
4 350 683 1194 2530
5 230 1239 1573 1652 2292
5 100 1009 1286 1475 2853
1 937
1 10
3 205 2416 2810
2 1002 2999
2 2775 2836
3 1619 2504 2941
3 179 519 2219
4 425 1489 2539 2594
4 477 1939 2533 2566
3 885 1877 2380
3 1095 1319 2802
2 2652 2899
1 872
4 1132 1264 1830 2332
1 174
6 45 217 1398 1936 2048 2781
1 386
1 363
1 1588
1 859
4 43 2625 2676 2682
2 421 2998
2 1021 2715
1 2432
2 50 832
2 842 1398
3 580 1233 2235
4 941 1012 1861 2692
1 1413
2 1896 2958
1 2752
6 65 1278 1634 1827 1987 2937
4 10 840 1454 1543
6 391 1105 1384 1979 2383 2609
5 918 1222 1335 2150 2663
3 242 1378 2633
2 2804 2841
2 194 2951
4 247 2096 2458 2694
2 372 2007
3 53 328 2460
2 2836 2904
5 568 914 1160 1281 2989
4 1043 1468 1627 2565
2 161 2755
1 652
2 580 1736
5 202 277 1067 1836 2304
3 30 480 1903
4 1144 2440 2492 2620
2 1129 1988
6 54 134 406 816 1302 2631
4 136 1405 2776 2873
3 462 2692 2799
1 2322
5 419 1289 1808 2881 2897
3 681 1028 1387
7 852 1937 2071 2160 2244 2963 2991
2 768 2043
3 1460 1868 2538
3 586 775 1854
3 385 1247 1431
5 711 1553 1608 2193 2515
1 2966
3 1976 2022 2754
1 2106
2 48 2109
3 2084 2142 2930
5 547 707 1637 2474 2633
4 500 1609 2315 2927
2 1196 1755
3 922 1316 1767
1 1551
4 655 1418 2852 2970
2 686 1457
3 364 987 1943
2 1326 1712
4 400 1029 2281 2377
1 774
2 664 2313
3 995 1421 1538
2 1162 2855
2 247 2381
2 2405 2379
1 1325
3 660 2242 2272
3 514 1122 2640
3 860 1442 1787
1 2139
1 155
2 2550 2978
1 2334
3 318 1100 2513
3 355 607 2744
2 2401 2982
2 1805 2176
1 1228
4 1490 1780 2307 2855
1 1742
4 141 1104 2704 2811
3 1212 1316 1322
4 191 1015 1778 1831
3 5 676 2936
5 934 1663 2071 2268 2905
2 2841 2994
4 974 1264 1559 2903
4 879 1058 2242 2781
3 109 1770 2412
5 246 1701 2492 2562 2920
4 1707 1906 2018 2620
2 1902 2155
1 570
2 280 1681
1 262
1 326
2 901 1744
1 1064
4 599 652 1559 1816
2 1501 2062
2 957 1287
2 125 2908
2 141 477
3 339 359 1221
1 1200
1 1985
2 655 1101
1 652
3 1187 1955 2869
3 296 583 1615
4 377 1085 1997 2049
5 1083 1091 2580 2604 2867
2 1057 2497
3 564 1761 2779
2 118 992
3 557 859 1538
2 60 2979
5 466 1101 1197 2487 2902
3 151 1001 2831
10 14 253 653 1398 1747 1838 1847 1877 1979 2382
4 51 494 1282 2037
3 1098 1329 2469
2 1810 2805
5 140 1115 1586 2129 2522
1 1827
4 867 1338 1368 1394
1 917
6 1020 1178 1666 1671 1786 1957
2 282 1451
3 586 889 2140
1 1478
3 553 939 2702
3 1440 1513 2837
2 396 2995
1 1364
2 91 2081
6 301 703 1327 2278 2604 2623
6 383 387 614 667 1902 1934
1 2016
5 129 1844 2110 2170 2829
6 284 446 531 802 1568 2773
3 116 540 2609
2 1024 1670
5 9 798 1683 1686 2501
4 339 1110 2371 2857
1 502
5 555 1500 1682 1853 2164
4 1792 2193 2226 2863
2 2113 2577
5 147 375 1597 1927 1935
3 137 1079 1784
5 757 1308 1444 2768 2873
1 2040
4 654 1319 1859 2273
1 793
3 327 956 2091
1 2164
3 1548 2635 2681
1 1977
6 36 1322 1632 1759 2249 2890
6 350 485 745 1009 1993 2935
4 566 982 1846 2407
1 1782
2 1324 2894
2 514 2065
3 489 922 1728
4 359 677 1159 2987
1 902
4 261 453 885 2985
3 90 465 1557
4 1599 1836 2025 2842
2 270 457
3 645 1747 2857
3 749 1896 2785
5 313 397 811 1725 2390
1 2904
3 1575 2038 2952
2 1092 1324
3 423 1164 2472
5 509 751 1558 1970 2821
3 87 2223 2803
1 1
0
0